%YAML:1.0
---
R: !!opencv-matrix
   rows: 3
   cols: 3
   dt: d
   data: [ 9.9997023314168554e-01, 4.7391726422047527e-03,
       6.0887661500827047e-03, -4.8084913019090375e-03,
       9.9992321736144096e-01, 1.1420936605381210e-02,
       -6.0341728482435830e-03, -1.1449874419051476e-02,
       9.9991624105913268e-01 ]
T: !!opencv-matrix
   rows: 3
   cols: 1
   dt: d
   data: [ -3.3425631777918596e+00, 4.6707334039694653e-02,
       2.2128994863655311e-03 ]
R1: !!opencv-matrix
   rows: 3
   cols: 3
   dt: d
   data: [ 9.9994358117294369e-01, -9.2247798298710857e-03,
       5.2666790408354104e-03, 9.1944070500099579e-03,
       9.9994112738672236e-01, 5.7623467068211136e-03,
       -5.3195253573507673e-03, -5.7135976110756362e-03,
       9.9996952826189212e-01 ]
R2: !!opencv-matrix
   rows: 3
   cols: 3
   dt: d
   data: [ 9.9990216574690749e-01, -1.3972141131960790e-02,
       -6.6197192731864496e-04, 1.3968112577699600e-02,
       9.9988594943866838e-01, -5.7428169176392983e-03,
       7.4213587751703830e-04, 5.7330085750314386e-03,
       9.9998329078390991e-01 ]
P1: !!opencv-matrix
   rows: 3
   cols: 4
   dt: d
   data: [ 4.3982082135531954e+02, 0., 3.1934154510498047e+02, 0., 0.,
       4.3982082135531954e+02, 2.3984252548217773e+02, 0., 0., 0., 1.,
       0. ]
P2: !!opencv-matrix
   rows: 3
   cols: 4
   dt: d
   data: [ 4.3982082135531954e+02, 0., 3.1934154510498047e+02,
       -1.4702727253223868e+03, 0., 4.3982082135531954e+02,
       2.3984252548217773e+02, 0., 0., 0., 1., 0. ]
Q: !!opencv-matrix
   rows: 4
   cols: 4
   dt: d
   data: [ 1., 0., 0., -3.1934154510498047e+02, 0., 1., 0.,
       -2.3984252548217773e+02, 0., 0., 0., 4.3982082135531954e+02, 0.,
       0., 2.9914233854734673e-01, 0. ]
