%YAML:1.0
---
R: !!opencv-matrix
   rows: 3
   cols: 3
   dt: d
   data: [ 9.9812162048303410e-01, 7.8859274899844116e-03,
       6.0753953549911317e-02, -9.5740082873953837e-03,
       9.9957472284278281e-01, 2.7544723979136956e-02,
       -6.0510900585224799e-02, -2.8074643388592956e-02,
       9.9777264209286087e-01 ]
T: !!opencv-matrix
   rows: 3
   cols: 1
   dt: d
   data: [ -6.0524230969033885e+00, 2.4671491686710079e-01,
       -2.8192003425329709e-01 ]
R1: !!opencv-matrix
   rows: 3
   cols: 3
   dt: d
   data: [ 9.9379137471693513e-01, -3.4102179137056862e-02,
       1.0590441405497911e-01, 3.2546419241758162e-02,
       9.9933592027187956e-01, 1.6384414816986610e-02,
       -1.0639282932963146e-01, -1.2835880665519548e-02,
       9.9424132183025693e-01 ]
R2: !!opencv-matrix
   rows: 3
   cols: 3
   dt: d
   data: [ 9.9808984189483085e-01, -4.0685135263423745e-02,
       4.6490722461030504e-02, 4.1361393296638266e-02,
       9.9905063002874916e-01, -1.3677491865096673e-02,
       -4.5890114958588427e-02, 1.5574286749507713e-02,
       9.9882507925128305e-01 ]
P1: !!opencv-matrix
   rows: 3
   cols: 4
   dt: d
   data: [ 6.2394436686917550e+02, 0., 2.7210150337219238e+02, 0., 0.,
       6.2394436686917550e+02, 2.3574515151977539e+02, 0., 0., 0., 1.,
       0. ]
P2: !!opencv-matrix
   rows: 3
   cols: 4
   dt: d
   data: [ 6.2394436686917550e+02, 0., 2.7210150337219238e+02,
       -3.7836025763497123e+03, 0., 6.2394436686917550e+02,
       2.3574515151977539e+02, 0., 0., 0., 1., 0. ]
Q: !!opencv-matrix
   rows: 4
   cols: 4
   dt: d
   data: [ 1., 0., 0., -2.7210150337219238e+02, 0., 1., 0.,
       -2.3574515151977539e+02, 0., 0., 0., 6.2394436686917550e+02, 0.,
       0., 1.6490748018020834e-01, 0. ]
