%YAML:1.0
---
M1: !!opencv-matrix
   rows: 3
   cols: 3
   dt: d
   data: [ 7.5079100254930597e+02, 0., 3.2241338247059969e+02, 0.,
       6.8420568673374373e+02, 2.4174028101469327e+02, 0., 0., 1. ]
D1: !!opencv-matrix
   rows: 1
   cols: 14
   dt: d
   data: [ -2.0975112083024899e-01, 7.7244102096447154e-01, 0., 0., 0.,
       0., 0., -8.9837627640943774e-01, 0., 0., 0., 0., 0., 0. ]
M2: !!opencv-matrix
   rows: 3
   cols: 3
   dt: d
   data: [ 7.5079100254930597e+02, 0., 3.4131561654511358e+02, 0.,
       6.8420568673374373e+02, 2.2961090093534347e+02, 0., 0., 1. ]
D2: !!opencv-matrix
   rows: 1
   cols: 14
   dt: d
   data: [ -2.4005629166237477e-01, 7.4195846368527985e-01, 0., 0., 0.,
       0., 0., -1.1955793504566157e+00, 0., 0., 0., 0., 0., 0. ]
