%YAML:1.0
---
M1: !!opencv-matrix
   rows: 3
   cols: 3
   dt: d
   data: [ 7.5028097140385876e+02, 0., 3.3429928652580708e+02, 0.,
       6.8593483513394904e+02, 2.3531573679314624e+02, 0., 0., 1. ]
D1: !!opencv-matrix
   rows: 1
   cols: 14
   dt: d
   data: [ -3.3934134819841127e-01, 2.2945093869422220e+00, 0., 0., 0.,
       0., 0., 6.7405548491960765e+00, 0., 0., 0., 0., 0., 0. ]
M2: !!opencv-matrix
   rows: 3
   cols: 3
   dt: d
   data: [ 7.5028097140385876e+02, 0., 3.1274769886698056e+02, 0.,
       6.8593483513394904e+02, 2.4484091093602498e+02, 0., 0., 1. ]
D2: !!opencv-matrix
   rows: 1
   cols: 14
   dt: d
   data: [ -3.4811735368690810e-01, 3.0915721714122637e+00, 0., 0., 0.,
       0., 0., 9.3645207480959609e+00, 0., 0., 0., 0., 0., 0. ]
