%YAML:1.0
---
R: !!opencv-matrix
   rows: 3
   cols: 3
   dt: d
   data: [ 9.9949638629945659e-01, -3.1094201922996050e-02,
       -6.3343808773601139e-03, 3.1094427655356582e-02,
       9.9951644939763262e-01, -6.2867603791601738e-05,
       6.3332727016379535e-03, -1.3412800512751532e-04,
       9.9997993563199306e-01 ]
T: !!opencv-matrix
   rows: 3
   cols: 1
   dt: d
   data: [ -2.9335526087640584e+01, -1.5346877008618787e+00,
       -1.3519570383277887e-01 ]
R1: !!opencv-matrix
   rows: 3
   cols: 3
   dt: d
   data: [ 9.9977449019710762e-01, 2.1165702747915825e-02,
       -1.7267826442675912e-03, -2.1165590849226742e-02,
       9.9977598034074955e-01, 8.3052370655517228e-05,
       1.7281536727978275e-03, -4.6485266597652753e-05,
       9.9999850566088511e-01 ]
R2: !!opencv-matrix
   rows: 3
   cols: 3
   dt: d
   data: [ 9.9862379753026609e-01, 5.2242992175392966e-02,
       4.6022575756071576e-03, -5.2242693863518409e-02,
       9.9863440090847577e-01, -1.8509471229475889e-04,
       -4.6056426384490689e-03, -5.5594349108924505e-05,
       9.9998939242631735e-01 ]
P1: !!opencv-matrix
   rows: 3
   cols: 4
   dt: d
   data: [ 5.3106573902667799e+02, 0., 3.2008051300048828e+02, 0., 0.,
       5.3106573902667799e+02, 2.4205805587768555e+02, 0., 0., 0., 1.,
       0. ]
P2: !!opencv-matrix
   rows: 3
   cols: 4
   dt: d
   data: [ 5.3106573902667799e+02, 0., 3.2008051300048828e+02,
       -1.5600562373937491e+04, 0., 5.3106573902667799e+02,
       2.4205805587768555e+02, 0., 0., 0., 1., 0. ]
Q: !!opencv-matrix
   rows: 4
   cols: 4
   dt: d
   data: [ 1., 0., 0., -3.2008051300048828e+02, 0., 1., 0.,
       -2.4205805587768555e+02, 0., 0., 0., 5.3106573902667799e+02, 0.,
       0., 3.4041448397647729e-02, 0. ]
