%YAML:1.0
---
R: !!opencv-matrix
   rows: 3
   cols: 3
   dt: d
   data: [ 9.9742269304225106e-01, 4.1044780733032436e-03,
       7.1631869053440711e-02, -3.7636484981523263e-03,
       9.9998094952485395e-01, -4.8923958705132959e-03,
       -7.1650585163876096e-02, 4.6101894882133315e-03,
       9.9741913947876337e-01 ]
T: !!opencv-matrix
   rows: 3
   cols: 1
   dt: d
   data: [ -1.5432651404003211e-01, -4.7105035961980506e-04,
       4.0616547604800950e-04 ]
R1: !!opencv-matrix
   rows: 3
   cols: 3
   dt: d
   data: [ 9.9759167743284483e-01, 7.1445255612151070e-03,
       6.8991310113870885e-02, -6.9763951880458001e-03,
       9.9997207974886704e-01, -2.6776170199591708e-03,
       -6.9008514162408774e-02, 2.1898578105684244e-03,
       9.9761366745642877e-01 ]
R2: !!opencv-matrix
   rows: 3
   cols: 3
   dt: d
   data: [ 9.9999187850201698e-01, 3.0522722353667599e-03,
       -2.6318366607444299e-03, -3.0458541126920377e-03,
       9.9999238646733823e-01, 2.4392171042215173e-03,
       2.6392617778133037e-03, -2.4311811036076573e-03,
       9.9999356180712962e-01 ]
P1: !!opencv-matrix
   rows: 3
   cols: 4
   dt: d
   data: [ 7.9232382996860963e+02, 0., 2.8988249778747559e+02, 0., 0.,
       7.9232382996860963e+02, 2.3999067687988281e+02, 0., 0., 0., 1.,
       0. ]
P2: !!opencv-matrix
   rows: 3
   cols: 4
   dt: d
   data: [ 7.9232382996860963e+02, 0., 2.8988249778747559e+02,
       -1.2227756774692253e+02, 0., 7.9232382996860963e+02,
       2.3999067687988281e+02, 0., 0., 0., 1., 0. ]
Q: !!opencv-matrix
   rows: 4
   cols: 4
   dt: d
   data: [ 1., 0., 0., -2.8988249778747559e+02, 0., 1., 0.,
       -2.3999067687988281e+02, 0., 0., 0., 7.9232382996860963e+02, 0.,
       0., 6.4797153277408954e+00, 0. ]
