%YAML:1.0
---
M1: !!opencv-matrix
   rows: 3
   cols: 3
   dt: d
   data: [ 5.9732814011287053e+02, 0., 3.2416922044579252e+02, 0.,
       5.9738715858464991e+02, 2.3344455551084565e+02, 0., 0., 1. ]
D1: !!opencv-matrix
   rows: 1
   cols: 14
   dt: d
   data: [ 1.3301426719206205e-02, 3.6111449397508030e-02, 0., 0., 0.,
       0., 0., 3.6738413838027911e-01, 0., 0., 0., 0., 0., 0. ]
M2: !!opencv-matrix
   rows: 3
   cols: 3
   dt: d
   data: [ 5.9732814011287053e+02, 0., 3.1743917561682986e+02, 0.,
       5.9738715858464991e+02, 2.5036478001869045e+02, 0., 0., 1. ]
D2: !!opencv-matrix
   rows: 1
   cols: 14
   dt: d
   data: [ 2.5315611732967792e-03, 2.0271679902286011e-01, 0., 0., 0.,
       0., 0., 5.9047257766168193e-01, 0., 0., 0., 0., 0., 0. ]
