%YAML:1.0
---
M1: !!opencv-matrix
   rows: 3
   cols: 3
   dt: d
   data: [ 7.8357061514759755e+02, 0., 3.3842349761070989e+02, 0.,
       7.9359081810958310e+02, 2.3740399833752144e+02, 0., 0., 1. ]
D1: !!opencv-matrix
   rows: 1
   cols: 14
   dt: d
   data: [ -9.4562150316270063e-02, 5.8403931026992517e-01, 0., 0., 0.,
       0., 0., -2.5171394134027683e+00, 0., 0., 0., 0., 0., 0. ]
M2: !!opencv-matrix
   rows: 3
   cols: 3
   dt: d
   data: [ 7.8357061514759755e+02, 0., 3.4584715586623156e+02, 0.,
       7.9359081810958310e+02, 2.2082982542028668e+02, 0., 0., 1. ]
D2: !!opencv-matrix
   rows: 1
   cols: 14
   dt: d
   data: [ -1.1743308016929677e-01, 1.5413014561159777e+00, 0., 0., 0.,
       0., 0., 1.9603827274041996e+00, 0., 0., 0., 0., 0., 0. ]
