%YAML:1.0
---
R: !!opencv-matrix
   rows: 3
   cols: 3
   dt: d
   data: [ 9.9981616632416359e-01, 8.1547379208180368e-03,
       -1.7353207377748453e-02, -8.6001772050943361e-03,
       9.9963139094356968e-01, -2.5751100797152104e-02,
       1.7136817350177566e-02, 2.5895607536161113e-02,
       9.9951775722167124e-01 ]
T: !!opencv-matrix
   rows: 3
   cols: 1
   dt: d
   data: [ 6.1991389751693171e-01, -1.3444188814960606e-03,
       -4.4239758727195190e-02 ]
R1: !!opencv-matrix
   rows: 3
   cols: 3
   dt: d
   data: [ 9.9607629992465985e-01, 4.1282863826530344e-03,
       -8.8402273612967722e-02, -5.2841270593591734e-03,
       9.9990354048092678e-01, -1.2844755152515876e-02,
       8.8340719544385410e-02, 1.3261485031863382e-02,
       9.9600203327359216e-01 ]
R2: !!opencv-matrix
   rows: 3
   cols: 3
   dt: d
   data: [ 9.9746091563721395e-01, -2.1632121717361746e-03,
       -7.1183160152320485e-02, 3.0936933597387702e-03,
       9.9991117799408069e-01, 1.2963995675933366e-02,
       7.1148793648007580e-02, -1.3151297867121832e-02,
       9.9737901147299235e-01 ]
P1: !!opencv-matrix
   rows: 3
   cols: 4
   dt: d
   data: [ 5.9351494338848147e+02, 0., 3.3628013610839844e+02, 0., 0.,
       5.9351494338848147e+02, 2.6589658927917480e+02, 0., 0., 0., 1.,
       0. ]
P2: !!opencv-matrix
   rows: 3
   cols: 4
   dt: d
   data: [ 5.9351494338848147e+02, 0., 3.3628013610839844e+02,
       3.6886474048504346e+02, 0., 5.9351494338848147e+02,
       2.6589658927917480e+02, 0., 0., 0., 1., 0. ]
Q: !!opencv-matrix
   rows: 4
   cols: 4
   dt: d
   data: [ 1., 0., 0., -3.3628013610839844e+02, 0., 1., 0.,
       -2.6589658927917480e+02, 0., 0., 0., 5.9351494338848147e+02, 0.,
       0., -1.6090313826364413e+00, 0. ]
