%YAML:1.0
---
R: !!opencv-matrix
   rows: 3
   cols: 3
   dt: d
   data: [ 9.9801986079856408e-01, 3.3636859353464881e-03,
       6.2809577840829120e-02, -5.6857571076851399e-03,
       9.9930544542927990e-01, 3.6827963580692465e-02,
       -6.2642075458330934e-02, -3.7112159089936474e-02,
       9.9734580664379191e-01 ]
T: !!opencv-matrix
   rows: 3
   cols: 1
   dt: d
   data: [ -1.6429890590131010e-01, 7.9605167792053538e-03,
       1.0966532838371351e-02 ]
R1: !!opencv-matrix
   rows: 3
   cols: 3
   dt: d
   data: [ 9.9908403649683886e-01, -4.2432863264802521e-02,
       -5.5263127249444328e-03, 4.2530972985189576e-02,
       9.9891360060881862e-01, 1.9045599377776362e-02,
       4.7121496279711739e-03, -1.9263193761062801e-02,
       9.9980334316904906e-01 ]
R2: !!opencv-matrix
   rows: 3
   cols: 3
   dt: d
   data: [ 9.9661587483601233e-01, -4.8287463331129370e-02,
       -6.6521567253747235e-02, 4.7003033423944171e-02,
       9.9867939046007126e-01, -2.0741020207505855e-02,
       6.7435249490141069e-02, 1.7544114550053828e-02,
       9.9756939165696989e-01 ]
P1: !!opencv-matrix
   rows: 3
   cols: 4
   dt: d
   data: [ 7.0859072044696006e+02, 0., 3.7147961997985840e+02, 0., 0.,
       7.0859072044696006e+02, 2.3192289543151855e+02, 0., 0., 0., 1.,
       0. ]
P2: !!opencv-matrix
   rows: 3
   cols: 4
   dt: d
   data: [ 7.0859072044696006e+02, 0., 3.7147961997985840e+02,
       -1.1681600006663855e+02, 0., 7.0859072044696006e+02,
       2.3192289543151855e+02, 0., 0., 0., 1., 0. ]
Q: !!opencv-matrix
   rows: 4
   cols: 4
   dt: d
   data: [ 1., 0., 0., -3.7147961997985840e+02, 0., 1., 0.,
       -2.3192289543151855e+02, 0., 0., 0., 7.0859072044696006e+02, 0.,
       0., 6.0658704290742635e+00, 0. ]
