%YAML:1.0
---
M1: !!opencv-matrix
   rows: 3
   cols: 3
   dt: d
   data: [ 9.0403623880874500e+02, 0., 3.2010652276970126e+02, 0.,
       8.7350215942385012e+02, 2.4000863556927109e+02, 0., 0., 1. ]
D1: !!opencv-matrix
   rows: 1
   cols: 14
   dt: d
   data: [ -2.3748020171303388e-01, -1.2585872112071470e+00, 0., 0., 0.,
       0., 0., -1.4275063570103702e+01, 0., 0., 0., 0., 0., 0. ]
M2: !!opencv-matrix
   rows: 3
   cols: 3
   dt: d
   data: [ 9.0403623880874500e+02, 0., 3.2107534210258035e+02, 0.,
       8.7350215942385012e+02, 2.3971344739414710e+02, 0., 0., 1. ]
D2: !!opencv-matrix
   rows: 1
   cols: 14
   dt: d
   data: [ -2.9451718625295659e-01, 8.1793200976567182e-01, 0., 0., 0.,
       0., 0., -3.1675927521323324e+00, 0., 0., 0., 0., 0., 0. ]
