%YAML:1.0
---
M1: !!opencv-matrix
   rows: 3
   cols: 3
   dt: d
   data: [ 6.9601226145393969e+02, 0., 2.9010589890056963e+02, 0.,
       6.4333422706757460e+02, 2.6469416786658519e+02, 0., 0., 1. ]
D1: !!opencv-matrix
   rows: 1
   cols: 14
   dt: d
   data: [ -1.5345693880545139e-01, 7.3529819473304003e-01, 0., 0., 0.,
       0., 0., 1.1414574863227676e+00, 0., 0., 0., 0., 0., 0. ]
M2: !!opencv-matrix
   rows: 3
   cols: 3
   dt: d
   data: [ 6.9601226145393969e+02, 0., 2.5034624622529603e+02, 0.,
       6.4333422706757460e+02, 2.7048398604132404e+02, 0., 0., 1. ]
D2: !!opencv-matrix
   rows: 1
   cols: 14
   dt: d
   data: [ -1.5790557193702373e-01, 3.5136599392876505e-01, 0., 0., 0.,
       0., 0., -7.0941940646134655e-02, 0., 0., 0., 0., 0., 0. ]
