%YAML:1.0
---
R: !!opencv-matrix
   rows: 3
   cols: 3
   dt: d
   data: [ 9.9844901519268980e-01, -7.7631866274715956e-03,
       -5.5129819464015420e-02, 6.4319547913894593e-03,
       9.9968441536346042e-01, -2.4283731940905339e-02,
       5.5300940483046124e-02, 2.3891475735150190e-02,
       9.9818385248855201e-01 ]
T: !!opencv-matrix
   rows: 3
   cols: 1
   dt: d
   data: [ 1.0545520847171268e+00, -1.9499227257672998e-02,
       1.1795681466137543e-01 ]
R1: !!opencv-matrix
   rows: 3
   cols: 3
   dt: d
   data: [ 9.9812161005283728e-01, -2.3425435259027450e-02,
       5.6608307945540594e-02, 2.4130125480075280e-02,
       9.9963921722659632e-01, -1.1797136386158539e-02,
       -5.6311531588546439e-02, 1.3140942337706109e-02,
       9.9832676366239392e-01 ]
R2: !!opencv-matrix
   rows: 3
   cols: 3
   dt: d
   data: [ 9.9363458882834177e-01, -1.8372830455164448e-02,
       1.1114289444223598e-01, 1.6982688217748773e-02,
       9.9976542882142738e-01, 1.3441563689027332e-02,
       -1.1136378309320748e-01, -1.1468497485425984e-02,
       9.9371353084306746e-01 ]
P1: !!opencv-matrix
   rows: 3
   cols: 4
   dt: d
   data: [ 4.7606607962749280e+02, 0., 2.5892173004150391e+02, 0., 0.,
       4.7606607962749280e+02, 2.4208689498901367e+02, 0., 0., 0., 1.,
       0. ]
P2: !!opencv-matrix
   rows: 3
   cols: 4
   dt: d
   data: [ 4.7606607962749280e+02, 0., 2.5892173004150391e+02,
       5.0525261738952321e+02, 0., 4.7606607962749280e+02,
       2.4208689498901367e+02, 0., 0., 0., 1., 0. ]
Q: !!opencv-matrix
   rows: 4
   cols: 4
   dt: d
   data: [ 1., 0., 0., -2.5892173004150391e+02, 0., 1., 0.,
       -2.4208689498901367e+02, 0., 0., 0., 4.7606607962749280e+02, 0.,
       0., -9.4223377226064109e-01, 0. ]
