%YAML:1.0
---
M1: !!opencv-matrix
   rows: 3
   cols: 3
   dt: d
   data: [ 5.3392449947840089e+02, 0., 3.2882415608427340e+02, 0.,
       5.2857637835334720e+02, 2.3724237010837115e+02, 0., 0., 1. ]
D1: !!opencv-matrix
   rows: 1
   cols: 14
   dt: d
   data: [ -2.5847762153609133e-01, -1.2969310727034866e-01, 0., 0., 0.,
       0., 0., -4.0469214966836908e-01, 0., 0., 0., 0., 0., 0. ]
M2: !!opencv-matrix
   rows: 3
   cols: 3
   dt: d
   data: [ 5.3392449947840089e+02, 0., 3.1406466808507417e+02, 0.,
       5.2857637835334720e+02, 2.4222537731722784e+02, 0., 0., 1. ]
D2: !!opencv-matrix
   rows: 1
   cols: 14
   dt: d
   data: [ -2.6275800150567974e-01, -1.3243140857126341e-02, 0., 0., 0.,
       0., 0., -1.9692432585354824e-01, 0., 0., 0., 0., 0., 0. ]
